24
9957707 942 44509 70352
7478347 895 5395 83465
5777717 835 9 6
3602786 727 20521 71472
6902089 5 3 86858
5374087 2 65163 1
1 1 1 1
5837966 960 72354 70648
1431391 4 4 10
10000000 1000 100000 100000
8735655 190 12703 4789
10000000 1 100000 1
9396546 489 2 50303
440993 1 35624 69681
6904266 257 95334 20656
10000000 1000 1 100000
6422780 989 56558 82980
653257 5 77240 68551
4196301 6 45910 58607
2570634 392 39408 8
3919818 357 44428 17057
745625 3 30626 38882
938989 6 54175 79410
1648104 64 47918 90027
